This file is used to record the total travel of each day 
2014-01-01,1,47029,3
2014-01-02,2,46734,4
2014-01-03,3,50443,5
2014-01-04,4,49837,6
2014-01-05,5,47460,7
2014-01-06,6,46169,1
2014-01-07,7,51243,2
2014-01-08,8,32599,3
2014-01-09,9,19801,4
2014-01-10,10,50182,5
2014-01-11,11,54344,6
2014-01-12,12,42597,7
2014-01-13,13,37364,1
2014-01-14,14,23758,2
2014-01-15,15,48349,3
2014-01-16,16,50341,4
2014-01-17,17,57884,5
2014-01-18,18,50097,6
2014-01-19,19,49095,7
2014-01-20,20,53078,1
2014-01-21,21,42025,2
2014-01-22,22,48667,3
2014-01-23,23,51976,4
2014-01-24,24,57058,5
2014-01-25,25,52069,6
2014-01-26,26,45411,7
2014-01-27,27,55722,1
2014-01-28,28,57069,2
2014-01-29,29,51869,3
2014-01-30,30,27510,4
2014-01-31,31,37225,5
2014-02-01,32,37603,6
2014-02-02,33,43351,7
2014-02-03,34,45871,1
2014-02-04,35,28013,2
2014-02-05,36,32287,3
2014-02-06,37,54093,4
2014-02-07,38,35531,5
2014-02-08,39,34000,6
2014-02-09,40,2578,7
2014-02-10,41,39243,1
2014-02-11,42,15799,2
2014-02-12,43,11258,3
2014-02-13,44,29989,4
2014-02-14,45,21650,5
2014-02-15,46,53540,6
2014-02-16,47,53181,7
2014-02-17,48,58117,1
2014-02-18,49,29711,2
2014-02-19,50,12711,3
2014-02-20,51,53279,4
2014-02-21,52,60139,5
2014-02-22,53,64856,6
2014-02-23,54,60275,7
2014-02-24,55,60584,1
2014-02-25,56,61897,2
2014-02-26,57,62359,3
2014-02-27,58,65078,4
2014-02-28,59,61222,5
2014-03-01,60,61314,6
2014-03-02,61,38522,7
2014-03-03,62,48083,1
2014-03-04,63,28316,2
2014-03-05,64,53608,3
2014-03-06,65,14055,4
2014-03-07,66,24988,5
2014-03-08,67,12716,6
2014-03-09,68,48164,7
2014-03-10,69,51031,1
2014-03-11,70,60661,2
2014-03-12,71,43029,3
2014-03-13,72,44161,4
2014-03-14,73,65645,5
2014-03-15,74,71403,6
2014-03-16,75,64781,7
2014-03-17,76,65151,1
2014-03-18,77,65875,2
2014-03-19,78,68736,3
2014-03-20,79,52486,4
2014-03-21,80,63350,5
2014-03-22,81,68607,6
2014-03-23,82,63148,7
2014-03-24,83,64405,1
2014-03-25,84,66931,2
2014-03-26,85,68163,3
2014-03-27,86,69209,4
2014-03-28,87,72894,5
2014-03-29,88,56681,6
2014-03-30,89,64125,7
2014-03-31,90,56310,1
2014-04-01,91,52978,2
2014-04-02,92,67231,3
2014-04-03,93,48193,4
2014-04-04,94,59188,5
2014-04-05,95,57256,6
2014-04-06,96,57940,7
2014-04-07,97,23894,1
2014-04-08,98,65684,2
2014-04-09,99,65822,3
2014-04-10,100,67494,4
2014-04-11,101,70722,5
2014-04-12,102,68434,6
2014-04-13,103,63114,7
2014-04-14,104,65023,1
2014-04-15,105,69268,2
2014-04-16,106,69182,3
2014-04-17,107,65758,4
2014-04-18,108,73398,5
2014-04-19,109,72338,6
2014-04-20,110,56882,7
2014-04-21,111,66195,1
2014-04-22,112,54063,2
2014-04-23,113,68183,3
2014-04-24,114,57160,4
2014-04-25,115,62592,5
2014-04-26,116,55996,6
2014-04-27,117,69000,7
2014-04-28,118,69359,1
2014-04-29,119,71679,2
2014-04-30,120,41148,3
2014-05-01,121,17936,4
2014-05-02,122,77699,5
2014-05-03,123,74630,6
2014-05-04,124,66424,7
2014-05-05,125,43375,1
2014-05-06,126,31072,2
2014-05-07,127,38768,3
2014-05-08,128,71123,4
2014-05-09,129,49157,5
2014-05-10,130,71654,6
2014-05-11,131,61688,7
2014-05-12,132,61969,1
2014-05-13,133,65065,2
2014-05-14,134,67268,3
2014-05-15,135,34067,4
2014-05-16,136,61844,5
2014-05-17,137,74039,6
2014-05-18,138,64969,7
2014-05-19,139,49067,1
2014-05-20,140,28061,2
2014-05-21,141,11364,3
2014-05-22,142,34180,4
2014-05-23,143,41929,5
2014-05-24,144,67853,6
2014-05-25,145,68047,7
2014-05-26,146,59721,1
2014-05-27,147,60936,2
2014-05-28,148,57842,3
2014-05-29,149,34999,4
2014-05-30,150,50985,5
2014-05-31,151,62845,6
2014-06-01,152,61515,7
2014-06-02,153,57917,1
2014-06-03,154,60715,2
2014-06-04,155,67102,3
2014-06-05,156,46897,4
2014-06-06,157,46547,5
2014-06-07,158,37825,6
2014-06-08,159,34315,7
2014-06-09,160,47667,1
2014-06-10,161,54526,2
2014-06-11,162,58212,3
2014-06-12,163,69929,4
2014-06-13,164,64423,5
2014-06-14,165,66315,6
2014-06-15,166,42364,7
2014-06-16,167,58773,1
2014-06-17,168,66593,2
2014-06-18,169,56974,3
2014-06-19,170,57145,4
2014-06-20,171,54317,5
2014-06-21,172,57540,6
2014-06-22,173,33947,7
2014-06-23,174,41439,1
2014-06-24,175,61486,2
2014-06-25,176,53365,3
2014-06-26,177,66911,4
2014-06-27,178,68914,5
2014-06-28,179,61606,6
2014-06-29,180,45214,7
2014-06-30,181,52039,1
2014-07-01,182,59414,2
2014-07-02,183,67730,3
2014-07-03,184,66978,4
2014-07-04,185,69147,5
2014-07-05,186,62942,6
2014-07-06,187,54244,7
2014-07-07,188,61324,1
2014-07-08,189,48572,2
2014-07-09,190,65658,3
2014-07-10,191,66984,4
2014-07-11,192,51299,5
2014-07-12,193,61567,6
2014-07-13,194,57126,7
2014-07-14,195,58938,1
2014-07-15,196,68961,2
2014-07-16,197,69522,3
2014-07-17,198,67604,4
2014-07-18,199,68461,5
2014-07-19,200,62821,6
2014-07-20,201,57134,7
2014-07-21,202,63646,1
2014-07-22,203,34098,2
2014-07-23,204,9215,3
2014-07-24,205,70293,4
2014-07-25,206,49058,5
2014-07-26,207,67016,6
2014-07-27,208,59507,7
2014-07-28,209,65936,1
2014-07-29,210,67699,2
2014-07-30,211,67818,3
2014-07-31,212,64521,4
2014-08-01,213,68585,5
2014-08-02,214,60502,6
2014-08-03,215,53665,7
2014-08-04,216,66645,1
2014-08-05,217,67929,2
2014-08-06,218,66901,3
2014-08-07,219,71085,4
2014-08-08,220,67780,5
2014-08-09,221,58932,6
2014-08-10,222,57681,7
2014-08-11,223,55466,1
2014-08-12,224,70687,2
2014-08-13,225,50896,3
2014-08-14,226,72275,4
2014-08-15,227,71854,5
2014-08-16,228,64327,6
2014-08-17,229,64499,7
2014-08-18,230,59780,1
2014-08-19,231,43600,2
2014-08-20,232,70729,3
2014-08-21,233,71881,4
2014-08-22,234,71829,5
2014-08-23,235,68110,6
2014-08-24,236,59576,7
2014-08-25,237,69343,1
2014-08-26,238,69640,2
2014-08-27,239,69102,3
2014-08-28,240,70093,4
2014-08-29,241,69647,5
2014-08-30,242,64950,6
2014-08-31,243,61174,7
2014-09-01,244,65345,1
2014-09-02,245,65663,2
2014-09-03,246,65743,3
2014-09-04,247,63364,4
2014-09-05,248,63467,5
2014-09-06,249,53200,6
2014-09-07,250,51011,7
2014-09-08,251,50096,1
2014-09-09,252,58326,2
2014-09-10,253,1404,3
2014-09-11,254,3830,4
2014-09-12,255,61156,5
2014-09-13,256,5326,6
2014-09-14,257,55064,7
2014-09-15,258,56774,1
2014-09-16,259,1562,2
2014-09-17,260,2086,3
2014-09-18,261,4485,4
2014-09-19,262,64814,5
2014-09-20,263,61683,6
2014-09-21,264,24043,7
2014-09-22,265,46967,1
2014-09-23,266,47471,2
2014-09-24,267,38312,3
2014-09-25,268,66358,4
2014-09-26,269,72606,5
2014-09-27,270,69328,6
2014-09-28,271,62770,7
2014-09-29,272,65787,1
2014-09-30,273,61907,2
2014-10-01,274,59655,3
2014-10-02,275,68441,4
2014-10-03,276,74943,5
2014-10-04,277,74628,6
2014-10-05,278,66032,7
2014-10-06,279,66637,1
2014-10-07,280,65387,2
2014-10-08,281,70835,3
2014-10-09,282,43696,4
2014-10-10,283,27969,5
2014-10-11,284,33404,6
2014-10-12,285,62556,7
2014-10-13,286,69588,1
2014-10-14,287,70904,2
2014-10-15,288,72632,3
2014-10-16,289,70699,4
2014-10-17,290,75734,5
2014-10-18,291,73971,6
2014-10-19,292,66403,7
2014-10-20,293,66768,1
2014-10-21,294,68710,2
2014-10-22,295,59618,3
2014-10-23,296,72401,4
2014-10-24,297,76656,5
2014-10-25,298,73039,6
2014-10-26,299,61962,7
2014-10-27,300,65294,1
2014-10-28,301,70173,2
2014-10-29,302,68969,3
