Date,DayNum,Precp,Time,T
2014-01-01,1,0.0,0.0,0
2014-01-02,2,0.0,0.0,0
2014-01-03,3,0.0,0.0,0
2014-01-04,4,0.05,0.3,1
2014-01-05,5,0.0,0.0,0
2014-01-06,6,0.0,0.0,0
2014-01-07,7,0.0,0.0,0
2014-01-08,8,5.75,4.5,5
2014-01-09,9,4.55,16.9,11
2014-01-10,10,0.0,0.0,0
2014-01-11,11,0.0,0.0,0
2014-01-12,12,0.6,2.5,2
2014-01-13,13,0.85,9.8,11
2014-01-14,14,11.85,15.2,7
2014-01-15,15,0.0,0.0,0
2014-01-16,16,0.0,0.0,0
2014-01-17,17,0.0,0.0,0
2014-01-18,18,0.0,0.0,0
2014-01-19,19,0.0,0.0,0
2014-01-20,20,0.1,0.6,2
2014-01-21,21,0.0,0.0,0
2014-01-22,22,0.0,0.0,0
2014-01-23,23,0.0,0.0,0
2014-01-24,24,0.0,0.0,0
2014-01-25,25,0.0,0.0,0
2014-01-26,26,0.0,0.0,0
2014-01-27,27,0.0,0.0,0
2014-01-28,28,0.0,0.0,0
2014-01-29,29,0.0,0.0,0
2014-01-30,30,0.0,0.0,0
2014-01-31,31,0.0,0.0,0
2014-02-01,32,0.0,0.0,0
2014-02-02,33,0.0,0.0,0
2014-02-03,34,0.0,0.0,0
2014-02-04,35,1.65,3.2,3
2014-02-05,36,11.1,14.1,2
2014-02-06,37,0.65,2.3,3
2014-02-07,38,2.95,18.5,19
2014-02-08,39,14.75,11.6,5
2014-02-09,40,84.5,24.0,0
2014-02-10,41,7.35,8.4,7
2014-02-11,42,4.45,22.6,19
2014-02-12,43,17.75,22.6,5
2014-02-13,44,17.3,16.3,6
2014-02-14,45,12.0,16.9,10
2014-02-15,46,0.1,1.5,2
2014-02-16,47,0.8,5.0,6
2014-02-17,48,0.0,0.0,0
2014-02-18,49,5.2,10.4,4
2014-02-19,50,22.4,21.3,8
2014-02-20,51,0.0,0.0,0
2014-02-21,52,0.0,0.0,0
2014-02-22,53,0.05,0.4,1
2014-02-23,54,0.0,0.0,0
2014-02-24,55,0.0,0.0,0
2014-02-25,56,0.0,0.0,0
2014-02-26,57,0.0,0.0,0
2014-02-27,58,0.0,0.0,0
2014-02-28,59,0.0,0.0,0
2014-03-01,60,0.05,0.2,1
2014-03-02,61,3.75,6.3,5
2014-03-03,62,9.65,7.0,3
2014-03-04,63,10.25,11.7,5
2014-03-05,64,12.05,6.2,1
2014-03-06,65,10.4,18.3,8
2014-03-07,66,13.85,17.2,7
2014-03-08,67,13.4,19.1,8
2014-03-09,68,6.25,9.1,5
2014-03-10,69,0.1,1.3,2
2014-03-11,70,0.1,0.9,2
2014-03-12,71,10.75,6.2,5
2014-03-13,72,22.0,11.5,10
2014-03-14,73,0.0,0.0,0
2014-03-15,74,0.0,0.0,0
2014-03-16,75,0.0,0.0,0
2014-03-17,76,0.0,0.0,0
2014-03-18,77,0.0,0.0,0
2014-03-19,78,0.0,0.0,0
2014-03-20,79,1.1,1.0,2
2014-03-21,80,1.2,5.4,4
2014-03-22,81,0.0,0.0,0
2014-03-23,82,0.0,0.0,0
2014-03-24,83,0.0,0.0,0
2014-03-25,84,0.0,0.0,0
2014-03-26,85,0.0,0.0,0
2014-03-27,86,0.0,0.0,0
2014-03-28,87,0.0,0.0,0
2014-03-29,88,19.5,2.5,0
2014-03-30,89,0.0,0.0,0
2014-03-31,90,16.3,7.3,6
2014-04-01,91,7.35,12.8,7
2014-04-02,92,0.0,0.0,0
2014-04-03,93,1.8,3.3,6
2014-04-04,94,0.05,0.2,1
2014-04-05,95,0.0,0.0,0
2014-04-06,96,0.15,2.3,3
2014-04-07,97,8.45,17.5,9
2014-04-08,98,0.55,1.3,1
2014-04-09,99,0.15,0.3,1
2014-04-10,100,0.0,0.0,0
2014-04-11,101,0.0,0.0,0
2014-04-12,102,0.0,0.0,0
2014-04-13,103,0.0,0.0,0
2014-04-14,104,0.0,0.0,0
2014-04-15,105,0.0,0.0,0
2014-04-16,106,0.0,0.0,0
2014-04-17,107,0.05,0.3,1
2014-04-18,108,0.0,0.0,0
2014-04-19,109,1.0,0.8,0
2014-04-20,110,1.15,3.7,3
2014-04-21,111,0.0,0.0,0
2014-04-22,112,2.1,2.7,2
2014-04-23,113,0.1,0.3,2
2014-04-24,114,31.55,9.4,1
2014-04-25,115,7.35,7.9,7
2014-04-26,116,35.25,5.8,5
2014-04-27,117,0.05,0.1,1
2014-04-28,118,0.0,0.0,0
2014-04-29,119,0.0,0.0,0
2014-04-30,120,4.0,11.7,10
2014-05-01,121,20.4,22.1,8
2014-05-02,122,0.0,0.0,0
2014-05-03,123,0.0,0.0,0
2014-05-04,124,0.15,0.4,3
2014-05-05,125,33.1,15.2,12
2014-05-06,126,6.0,17.2,10
2014-05-07,127,3.25,9.1,5
2014-05-08,128,0.0,0.0,0
2014-05-09,129,12.25,10.4,5
2014-05-10,130,0.15,1.5,3
2014-05-11,131,0.05,0.2,1
2014-05-12,132,2.0,0.9,0
2014-05-13,133,0.55,1.2,1
2014-05-14,134,0.0,0.0,0
2014-05-15,135,32.8,9.6,6
2014-05-16,136,1.7,2.4,4
2014-05-17,137,0.0,0.0,0
2014-05-18,138,1.2,1.7,4
2014-05-19,139,11.1,6.0,2
2014-05-20,140,171.75,11.1,5
2014-05-21,141,242.2,22.5,4
2014-05-22,142,6.7,9.9,4
2014-05-23,143,2.85,6.4,7
2014-05-24,144,0.55,0.9,1
2014-05-25,145,0.0,0.0,0
2014-05-26,146,0.0,0.0,0
2014-05-27,147,6.1,2.9,2
2014-05-28,148,1.7,1.5,0
2014-05-29,149,79.2,15.0,4
2014-05-30,150,3.2,5.8,4
2014-05-31,151,0.55,0.3,1
2014-06-01,152,0.0,0.0,0
2014-06-02,153,0.0,0.0,0
2014-06-03,154,0.35,0.9,3
2014-06-04,155,0.0,0.0,0
2014-06-05,156,32.15,4.7,3
2014-06-06,157,79.8,11.7,6
2014-06-07,158,44.25,11.4,5
2014-06-08,159,18.05,5.2,1
2014-06-09,160,3.9,9.5,8
2014-06-10,161,0.7,3.1,4
2014-06-11,162,4.15,6.6,3
2014-06-12,163,0.0,0.0,0
2014-06-13,164,0.6,2.4,2
2014-06-14,165,0.0,0.0,0
2014-06-15,166,3.65,5.0,3
2014-06-16,167,1.65,1.9,3
2014-06-17,168,0.0,0.0,0
2014-06-18,169,0.1,0.3,2
2014-06-19,170,2.6,2.2,2
2014-06-20,171,15.7,3.3,0
2014-06-21,172,0.5,1.1,0
2014-06-22,173,23.55,7.4,1
2014-06-23,174,58.05,5.7,1
2014-06-24,175,0.55,0.6,1
2014-06-25,176,21.1,2.2,2
2014-06-26,177,0.0,0.0,0
2014-06-27,178,0.0,0.0,0
2014-06-28,179,0.0,0.0,0
2014-06-29,180,65.55,5.7,1
2014-06-30,181,10.1,5.5,2
2014-07-01,182,6.05,1.7,1
2014-07-02,183,0.0,0.0,0
2014-07-03,184,0.0,0.0,0
2014-07-04,185,0.1,0.5,2
2014-07-05,186,0.0,0.0,0
2014-07-06,187,0.0,0.0,0
2014-07-07,188,0.05,0.5,1
2014-07-08,189,14.35,8.5,7
2014-07-09,190,0.0,0.0,0
2014-07-10,191,0.0,0.0,0
2014-07-11,192,2.6,4.0,2
2014-07-12,193,0.0,0.0,0
2014-07-13,194,0.0,0.0,0
2014-07-14,195,28.55,2.2,1
2014-07-15,196,0.05,0.2,1
2014-07-16,197,0.0,0.0,0
2014-07-17,198,0.0,0.0,0
2014-07-18,199,0.0,0.0,0
2014-07-19,200,0.0,0.0,0
2014-07-20,201,0.0,0.0,0
2014-07-21,202,0.0,0.0,0
2014-07-22,203,29.8,10.5,6
2014-07-23,204,45.55,18.4,1
2014-07-24,205,0.0,0.0,0
2014-07-25,206,54.55,5.4,1
2014-07-26,207,0.0,0.0,0
2014-07-27,208,0.0,0.0,0
2014-07-28,209,0.0,0.0,0
2014-07-29,210,0.0,0.0,0
2014-07-30,211,0.65,0.4,1
2014-07-31,212,41.05,3.1,1
2014-08-01,213,0.0,0.0,0
2014-08-02,214,0.5,0.4,0
2014-08-03,215,0.1,1.1,2
2014-08-04,216,0.55,0.5,1
2014-08-05,217,0.05,0.3,1
2014-08-06,218,0.05,0.5,1
2014-08-07,219,2.0,0.3,0
2014-08-08,220,0.0,0.0,0
2014-08-09,221,0.0,0.0,0
2014-08-10,222,0.1,0.6,2
2014-08-11,223,1.7,2.9,4
2014-08-12,224,1.1,1.0,2
2014-08-13,225,33.5,5.2,0
2014-08-14,226,0.0,0.0,0
2014-08-15,227,0.0,0.0,0
2014-08-16,228,4.5,1.4,0
2014-08-17,229,0.0,0.0,0
2014-08-18,230,11.55,2.3,1
2014-08-19,231,24.55,4.9,1
2014-08-20,232,0.0,0.0,0
2014-08-21,233,0.0,0.0,0
2014-08-22,234,0.0,0.0,0
2014-08-23,235,0.0,0.0,0
2014-08-24,236,0.0,0.0,0
2014-08-25,237,0.0,0.0,0
2014-08-26,238,0.0,0.0,0
2014-08-27,239,0.0,0.0,0
2014-08-28,240,0.0,0.0,0
2014-08-29,241,0.0,0.0,0
2014-08-30,242,4.5,0.6,0
2014-08-31,243,0.0,0.0,0
2014-09-01,244,0.0,0.0,0
2014-09-02,245,0.0,0.0,0
2014-09-03,246,0.0,0.0,0
2014-09-04,247,0.0,0.0,0
2014-09-05,248,0.0,0.0,0
2014-09-06,249,0.0,0.0,0
2014-09-07,250,0.0,0.0,0
2014-09-08,251,0.0,0.0,0
2014-09-09,252,4.0,0.9,0
2014-09-10,253,0.5,1.0,2
2014-09-11,254,0.0,0.0,0
2014-09-12,255,0.0,0.0,0
2014-09-13,256,0.0,0.0,0
2014-09-14,257,0.0,0.0,0
2014-09-15,258,0.0,0.0,0
2014-09-16,259,0.0,0.0,0
2014-09-17,260,0.0,0.0,0
2014-09-18,261,0.0,0.0,0
2014-09-19,262,0.0,0.0,0
2014-09-20,263,0.0,0.0,0
2014-09-21,264,67.75,11.1,5
2014-09-22,265,97.6,9.3,2
2014-09-23,266,15.1,4.7,2
2014-09-24,267,13.7,9.5,4
2014-09-25,268,0.0,0.0,0
2014-09-26,269,0.0,0.0,0
2014-09-27,270,0.0,0.0,0
2014-09-28,271,0.0,0.0,0
2014-09-29,272,0.0,0.0,0
2014-09-30,273,1.05,0.9,1
2014-10-01,274,0.75,2.9,5
2014-10-02,275,0.0,0.0,0
2014-10-03,276,0.0,0.0,0
2014-10-04,277,0.15,0.5,3
2014-10-05,278,0.0,0.0,0
2014-10-06,279,0.1,0.4,2
2014-10-07,280,0.25,1.1,5
2014-10-08,281,0.6,0.7,2
2014-10-09,282,11.2,10.0,4
2014-10-10,283,9.3,9.1,6
2014-10-11,284,4.8,18.1,16
2014-10-12,285,0.7,4.1,4
2014-10-13,286,0.0,0.0,0
2014-10-14,287,0.0,0.0,0
2014-10-15,288,0.0,0.0,0
2014-10-16,289,0.0,0.0,0
2014-10-17,290,0.0,0.0,0
2014-10-18,291,0.0,0.0,0
2014-10-19,292,0.0,0.0,0
2014-10-20,293,0.0,0.0,0
2014-10-21,294,0.0,0.0,0
2014-10-22,295,0.25,2.1,5
2014-10-23,296,0.0,0.0,0
2014-10-24,297,0.0,0.0,0
2014-10-25,298,0.0,0.0,0
2014-10-26,299,0.0,0.0,0
2014-10-27,300,0.0,0.0,0
2014-10-28,301,0.0,0.0,0
2014-10-29,302,0.0,0.0,0
2014-10-30,303,0.0,0.0,0
2014-10-31,304,0.0,0.0,0
2014-11-01,305,0.1,1.2,2
2014-11-02,306,6.2,7.1,4
2014-11-03,307,0.1,0.7,2
2014-11-04,308,0.0,0.0,0
2014-11-05,309,0.0,0.0,0
2014-11-06,310,0.0,0.0,0
2014-11-07,311,0.0,0.0,0
2014-11-08,312,0.0,0.0,0
2014-11-09,313,9.7,8.4,4
2014-11-10,314,0.0,0.0,0
2014-11-11,315,0.0,0.0,0
2014-11-12,316,1.8,6.5,6
2014-11-13,317,14.4,17.0,8
2014-11-14,318,0.05,0.5,1
2014-11-15,319,4.85,9.6,7
2014-11-16,320,1.1,3.2,2
2014-11-17,321,8.5,21.3,10
2014-11-18,322,1.65,5.4,3
2014-11-19,323,0.0,0.0,0
2014-11-20,324,0.0,0.0,0
2014-11-21,325,0.0,0.0,0
2014-11-22,326,0.0,0.0,0
2014-11-23,327,0.0,0.0,0
2014-11-24,328,0.0,0.0,0
2014-11-25,329,0.0,0.0,0
2014-11-26,330,0.0,0.0,0
2014-11-27,331,0.1,0.7,2
2014-11-28,332,0.0,0.0,0
2014-11-29,333,0.0,0.0,0
2014-11-30,334,0.0,0.0,0
2014-12-01,335,10.85,9.8,7
2014-12-02,336,2.15,5.3,3
2014-12-03,337,2.15,2.2,3
2014-12-04,338,27.05,14.8,1
2014-12-05,339,0.0,0.0,0
2014-12-06,340,0.0,0.0,0
2014-12-07,341,0.0,0.0,0
2014-12-08,342,6.0,11.4,10
2014-12-09,343,7.25,16.6,15
2014-12-10,344,0.0,0.0,0
2014-12-11,345,0.65,11.5,13
2014-12-12,346,2.5,12.6,10
2014-12-13,347,0.0,0.0,0
2014-12-14,348,0.0,0.0,0
2014-12-15,349,0.0,0.0,0
2014-12-16,350,0.45,3.8,3
2014-12-17,351,0.0,0.0,0
2014-12-18,352,0.0,0.0,0
2014-12-19,353,2.05,10.8,11
2014-12-20,354,0.0,0.0,0
2014-12-21,355,2.05,2.3,1
2014-12-22,356,0.0,0.0,0
2014-12-23,357,0.0,0.0,0
2014-12-24,358,0.0,0.0,0
2014-12-25,359,5.2,9.2,4
2014-12-26,360,0.8,4.3,6
2014-12-27,361,17.3,18.5,6
2014-12-28,362,5.7,20.0,14
2014-12-29,363,0.0,0.0,0
2014-12-30,364,0.0,0.0,0
2014-12-31,365,0.0,0.0,0
